# universalmotif version 1.4.9

---
name: motif_200_refined
alphabet: DNA
type: PPM
icscore: 13.06
nsites: 675.0
pseudocount: 0.3333333
bkg:
  A: 0.2740777
  C: 0.2257795
  G: 0.2258661
  T: 0.2742767
  AA: 0.0865103
  AC: 0.0500859
  AG: 0.0716263
  AT: 0.065725
  CA: 0.0720356
  CC: 0.0630787
  CG: 0.0190438
  CT: 0.0717093
  GA: 0.060255
  GC: 0.05251
  GG: 0.0631446
  GT: 0.0500351
  TA: 0.0551315
  TC: 0.0602242
  TG: 0.0721309
  TT: 0.0867538
consensus: STCTTSTK
strand: +-
pval: 6.8399216e-08
qval: 6.8399216e-08
eval: 1.0879843e-07
extrainfo:
- 'target:244/256/11374 bkg:148/150/11374 score: 14.2516877372584
motif:
- 0.000e+00 6.163e-01 3.837e-01 0.000e+00
- 0.000e+00 0.000e+00 0.000e+00 1.000e+00
- 0.000e+00 1.000e+00 0.000e+00 0.000e+00
- 0.000e+00 0.000e+00 0.000e+00 1.000e+00
- 0.000e+00 0.000e+00 0.000e+00 1.000e+00
- 0.000e+00 5.896e-01 4.104e-01 0.000e+00
- 0.000e+00 0.000e+00 0.000e+00 1.000e+00
- 0.000e+00 0.000e+00 6.000e-01 4.000e-01

