"motif1_raw" "motif1_50" "motif1_100" "motif1_200" "motif2_raw" "motif2_50" "motif2_100" "motif2_200" "motif3_raw" "motif3_50" "motif3_100" "motif3_200" "motif4_raw" "motif4_50" "motif4_100" "motif4_200" "motif5_raw" "motif5_50" "motif5_100" "motif5_200" "motif6_raw" "motif6_50" "motif6_100" "motif6_200" "motif7_raw" "motif7_50" "motif7_100" "motif7_200" "motif8_raw" "motif8_50" "motif8_100" "motif8_200"
"motif1_raw" 1 0.414137749060736 0.340911385542378 0.373338979239908 0.257000934136549 0.455175431370517 0.870963958728423 0.4162935469101 0.443689854055786 0.341362936886791 0.59370347606831 0.313256355009261 0.388560885319073 0.423737340055616 0.293120858008973 0.446837542129879 0.644883158973685 0.496683413515598 0.503483783623567 0.999699847823688 0.434414659437756 0.637330795544638 0.497212670481085 0.253754873769378 0.481678277464311 0.254730969070086 0.466036003593064 0.339572581193128 0.376649777774938 0.876431582497091 0.267690493629359 0.152904475826616
"motif1_50" 0.414137749060736 1 0.467061864728208 0.37968785425706 0.552767241923227 0.438792469798602 0.278269246399926 0.380346365189457 0.452379658499706 0.422023641765523 0.602592760963217 0.43922199691089 0.888511307512036 0.240140398977085 0.366592925798774 0.34068244925425 0.277384165711269 0.788290022116741 0.85124319675995 0.416483646453933 0.208210846788803 0.525396360531668 0.227571470771006 0.545660442458408 0.400607725721821 0.547646197204845 0.376225332200921 0.482232685424442 0.4454837995828 0.300330099161067 0.437874533415208 0.444514343737215
"motif1_100" 0.340911385542378 0.467061864728208 1 0.241355543035844 0.446339118165324 0.541731024375798 0.261709198600006 0.438740920366757 0.372996986888417 0.416984776092505 0.497777600833276 0.400732767001053 0.564014926347609 0.546486003548584 0.579204819449863 0.389776827278521 0.229407951260074 0.613762014922039 0.572962555310216 0.342909397073244 0.551742669694812 0.169157318214025 0.357307848703926 0.449147129067022 0.224150196361808 0.447347371635283 0.450249012425986 0.471948197386264 0.358302756146756 0.225962590832999 0.331748444732693 0.276851239974543
"motif1_200" 0.373338979239908 0.37968785425706 0.241355543035844 1 0.492569783426489 0.270100748793965 0.303810129950831 0.205794854750411 0.276067088544552 0.304317147230974 0.296640581192243 0.203703076609864 0.173486725033543 0.216682197486792 0.396199940783926 0.470779818541861 0.521270517978985 0.207951091583857 0.217914081945771 0.374730565650952 0.264939797896796 0.22606412496586 0.358065005995326 0.504487234171135 0.242491298559139 0.506682955144811 0.374314358084282 0.302624894689353 0.624417430697993 0.415059897761205 0.275367566742375 0.585267968589758
"motif2_raw" 0.257000934136549 0.552767241923227 0.446339118165324 0.492569783426489 1 0.57692287383551 0.33838820504478 0.337164123668812 0.302565405459196 0.307003762520974 0.477221522253731 0.390944914399428 0.699597547166895 0.411669230307095 0.543196962516755 0.473704713624623 0.360279564466966 0.507432672403035 0.54220240505704 0.25845002929296 0.399738557285429 0.249792888771619 0.295960061934616 0.999174943655622 0.234792571496642 0.999223236439197 0.260401758486006 0.487133582211723 0.544967674155431 0.355396367341371 0.830845765825142 0.192612132505176
"motif2_50" 0.455175431370517 0.438792469798602 0.541731024375798 0.270100748793965 0.57692287383551 1 0.632910570170789 0.649727793319654 0.240148523849026 0.357490933602851 0.64279621317096 0.321703701395412 0.408765337928209 0.484094621682792 0.514850370350903 0.538163264646119 0.672140027886822 0.464504865084093 0.363731657280929 0.449971137876371 0.49365660434851 0.547831106239291 0.52525956770426 0.588738202625491 0.596148894723112 0.577857745260082 0.224622858293158 0.473418350111629 0.286205137641349 0.63460532974134 0.727326865893864 0.270558491185789
"motif2_100" 0.870963958728423 0.278269246399926 0.261709198600006 0.303810129950831 0.33838820504478 0.632910570170789 1 0.37360466760865 0.549150518156576 0.367670162539232 0.4143939931399 0.334936930221277 0.439153443763955 0.529432266715032 0.294058229539209 0.321348452047537 0.7107342105877 0.380665842888162 0.329272860422544 0.872404732262211 0.550375571622908 0.356753254192434 0.472385973119624 0.338217590554444 0.560290505492149 0.338830140371604 0.416342795549605 0.247682599901381 0.351428805014295 0.961211191076354 0.395200383281291 0.245173860943904
"motif2_200" 0.4162935469101 0.380346365189457 0.438740920366757 0.205794854750411 0.337164123668812 0.649727793319654 0.37360466760865 1 0.289406541179123 0.380333596654056 0.645729544510945 0.662732115158708 0.33905494584629 0.752698566812304 0.521811489920804 0.253366798770645 0.420160459145527 0.21444269763763 0.288785169307086 0.417605568519882 0.722043479207883 0.321306357114539 0.599923336880299 0.335302584190004 0.690009548940127 0.350772890902875 0.255806900845916 0.592207422169151 0.193515854855605 0.406616864331113 0.407834150495977 0.236906112592913
"motif3_raw" 0.443689854055786 0.452379658499706 0.372996986888417 0.276067088544552 0.302565405459196 0.240148523849026 0.549150518156576 0.289406541179123 1 0.997907280853579 0.257994544408024 0.199955307065989 0.311072756244789 0.28124345418206 0.302650553251042 0.219250669552167 0.578927386911524 0.424037704018329 0.433489456055645 0.443216784595403 0.291229143549772 0.380552296349236 0.27731360356085 0.305253317241034 0.325960390812608 0.307819954906054 0.877833006100209 0.326059674234181 0.500042779876092 0.594881484357008 0.259602502757962 0.619789567421727
"motif3_50" 0.341362936886791 0.422023641765523 0.416984776092505 0.304317147230974 0.307003762520974 0.357490933602851 0.367670162539232 0.380333596654056 0.997907280853579 1 0.240776134588678 0.252765359168888 0.297518042504873 0.291734805283415 0.401135876711359 0.422429377970919 0.538073894907818 0.341895306448651 0.330282514029444 0.347064201025984 0.294338365572487 0.382855546074664 0.364059092018897 0.308047088364186 0.430675907487693 0.310799661788469 0.846334396320887 0.325199036240734 0.271863083187811 0.403841710497321 0.244342877010107 0.784950807828944
"motif3_100" 0.59370347606831 0.602592760963217 0.497777600833276 0.296640581192243 0.477221522253731 0.64279621317096 0.4143939931399 0.645729544510945 0.257994544408024 0.240776134588678 1 0.318619958842755 0.373198236470559 0.373252559984564 0.350466498045458 0.626518710295881 0.505418883204031 0.370151674602907 0.33870837092859 0.588380883703863 0.370832892661732 0.622081097109164 0.534696347252633 0.485978302716003 0.576390586316982 0.483506788623581 0.286575715556693 0.460645000110067 0.362884472341778 0.557118631186084 0.513983876488192 0.24907589167183
"motif3_200" 0.313256355009261 0.43922199691089 0.400732767001053 0.203703076609864 0.390944914399428 0.321703701395412 0.334936930221277 0.662732115158708 0.199955307065989 0.252765359168888 0.318619958842755 1 0.585961226686896 0.435607694426166 0.685382877894763 0.277522470703641 0.465354065925546 0.611786498600846 0.651186228205589 0.317440317149424 0.322267995980252 0.427456851329787 0.651432323408632 0.410009820957657 0.281544803342748 0.399206561087485 0.22406490836792 0.648039862854681 0.161823724179891 0.441559910791162 0.520156699448302 0.280266393971717
"motif4_raw" 0.388560885319073 0.888511307512036 0.564014926347609 0.173486725033543 0.699597547166895 0.408765337928209 0.439153443763955 0.33905494584629 0.311072756244789 0.297518042504873 0.373198236470559 0.585961226686896 1 0.47274622040523 0.576403740684192 0.229507671952356 0.260515341959783 0.858668788977867 0.920158228534479 0.392335522582386 0.424590406270605 0.44038637515494 0.417174357260413 0.716131063206075 0.371062442993595 0.70336582263888 0.280770184158879 0.498640478343444 0.536712775707377 0.467477189797584 0.808633774085591 0.301748780699712
"motif4_50" 0.423737340055616 0.240140398977085 0.546486003548584 0.216682197486792 0.411669230307095 0.484094621682792 0.529432266715032 0.752698566812304 0.28124345418206 0.291734805283415 0.373252559984564 0.435607694426166 0.47274622040523 1 0.91609978951278 0.438639086923858 0.563402533287447 0.328282924911588 0.389768517239325 0.416413175660414 0.959376291195267 0.54564552328421 0.449930912553549 0.41619986672857 0.578575576012762 0.405748166913174 0.242367387807046 0.627651939126679 0.153698991582851 0.590495894082585 0.57904971375083 0.391154646778558
"motif4_100" 0.293120858008973 0.366592925798774 0.579204819449863 0.396199940783926 0.543196962516755 0.514850370350903 0.294058229539209 0.521811489920804 0.302650553251042 0.401135876711359 0.350466498045458 0.685382877894763 0.576403740684192 0.91609978951278 1 0.335833058141378 0.542514518816456 0.447049855348074 0.465660674281843 0.302477205039006 0.886599789766616 0.465054817951454 0.673931467708552 0.533967909428205 0.428765409112544 0.539740933010038 0.38923061475402 0.520011036492266 0.178857977196774 0.330457818775988 0.593599413151266 0.534790688830576
"motif4_200" 0.446837542129879 0.34068244925425 0.389776827278521 0.470779818541861 0.473704713624623 0.538163264646119 0.321348452047537 0.253366798770645 0.219250669552167 0.422429377970919 0.626518710295881 0.277522470703641 0.229507671952356 0.438639086923858 0.335833058141378 1 0.404678754602367 0.246000321750109 0.324015322964222 0.438453620959574 0.413973685574958 0.399436977930381 0.354511192427261 0.487452457413 0.284858638760223 0.489127220134847 0.275085307042257 0.491675179675483 0.342119216138895 0.516678478966369 0.358749194560486 0.320784094680303
"motif5_raw" 0.644883158973685 0.277384165711269 0.229407951260074 0.521270517978985 0.360279564466966 0.672140027886822 0.7107342105877 0.420160459145527 0.578927386911524 0.538073894907818 0.505418883204031 0.465354065925546 0.260515341959783 0.563402533287447 0.542514518816456 0.404678754602367 1 0.353770930497189 0.249825877961361 0.648232540617989 0.595795440109547 0.534863072433965 0.565826574381921 0.364471850263975 0.670832758945375 0.354796783806564 0.510790264732126 0.340436955853391 0.564403847182534 0.701721422942975 0.37539625982139 0.414922134307868
"motif5_50" 0.496683413515598 0.788290022116741 0.613762014922039 0.207951091583857 0.507432672403035 0.464504865084093 0.380665842888162 0.21444269763763 0.424037704018329 0.341895306448651 0.370151674602907 0.611786498600846 0.858668788977867 0.328282924911588 0.447049855348074 0.246000321750109 0.353770930497189 1 0.934446353226604 0.503222309514854 0.365212873597113 0.440233977205126 0.459732588286366 0.522266904868927 0.505436021840437 0.514561688559826 0.384838849458354 0.413480272090813 0.433172703700142 0.322604129292183 0.555546770920573 0.414608931552675
"motif5_100" 0.503483783623567 0.85124319675995 0.572962555310216 0.217914081945771 0.54220240505704 0.363731657280929 0.329272860422544 0.288785169307086 0.433489456055645 0.330282514029444 0.33870837092859 0.651186228205589 0.920158228534479 0.389768517239325 0.465660674281843 0.324015322964222 0.249825877961361 0.934446353226604 1 0.508704511409919 0.345732691911655 0.465903654880675 0.531587072536506 0.559560817734826 0.534976882968977 0.551511688701655 0.367729873614972 0.489096738726617 0.388796271040739 0.309649689757971 0.631171571102667 0.355313879571052
"motif5_200" 0.999699847823688 0.416483646453933 0.342909397073244 0.374730565650952 0.25845002929296 0.449971137876371 0.872404732262211 0.417605568519882 0.443216784595403 0.347064201025984 0.588380883703863 0.317440317149424 0.392335522582386 0.416413175660414 0.302477205039006 0.438453620959574 0.648232540617989 0.503222309514854 0.508704511409919 1 0.428380365573265 0.638239478782049 0.5008835500388 0.255129194164911 0.469070116560142 0.256057472389795 0.458731861825305 0.34282751042594 0.375914332446168 0.876769021556936 0.269429100388079 0.151620263596164
"motif6_raw" 0.434414659437756 0.208210846788803 0.551742669694812 0.264939797896796 0.399738557285429 0.49365660434851 0.550375571622908 0.722043479207883 0.291229143549772 0.294338365572487 0.370832892661732 0.322267995980252 0.424590406270605 0.959376291195267 0.886599789766616 0.413973685574958 0.595795440109547 0.365212873597113 0.345732691911655 0.428380365573265 1 0.565071039691125 0.451581562755491 0.406151288758844 0.559896466837673 0.394672790511173 0.254474490003548 0.508520436300568 0.250442547467892 0.607457195371297 0.507069030769721 0.367393659524375
"motif6_50" 0.637330795544638 0.525396360531668 0.169157318214025 0.22606412496586 0.249792888771619 0.547831106239291 0.356753254192434 0.321306357114539 0.380552296349236 0.382855546074664 0.622081097109164 0.427456851329787 0.44038637515494 0.54564552328421 0.465054817951454 0.399436977930381 0.534863072433965 0.440233977205126 0.465903654880675 0.638239478782049 0.565071039691125 1 0.918587722660201 0.260576792924605 0.94857461022291 0.255705881799748 0.53300766371864 0.574656327563487 0.253545822584023 0.521583850207664 0.378460594605222 0.500156692705693
"motif6_100" 0.497212670481085 0.227571470771006 0.357307848703926 0.358065005995326 0.295960061934616 0.52525956770426 0.472385973119624 0.599923336880299 0.27731360356085 0.364059092018897 0.534696347252633 0.651432323408632 0.417174357260413 0.449930912553549 0.673931467708552 0.354511192427261 0.565826574381921 0.459732588286366 0.531587072536506 0.5008835500388 0.451581562755491 0.918587722660201 1 0.31999656153359 0.929275591749969 0.304322389452593 0.381211392228899 0.514774710708509 0.415096084811074 0.551151973434794 0.451430727230687 0.373508075369845
"motif6_200" 0.253754873769378 0.545660442458408 0.449147129067022 0.504487234171135 0.999174943655622 0.588738202625491 0.338217590554444 0.335302584190004 0.305253317241034 0.308047088364186 0.485978302716003 0.410009820957657 0.716131063206075 0.41619986672857 0.533967909428205 0.487452457413 0.364471850263975 0.522266904868927 0.559560817734826 0.255129194164911 0.406151288758844 0.260576792924605 0.31999656153359 1 0.249741876797709 0.999046035527917 0.260791444785333 0.485545794195284 0.535780644347027 0.355510987755689 0.839945810788519 0.202350882767946
"motif7_raw" 0.481678277464311 0.400607725721821 0.224150196361808 0.242491298559139 0.234792571496642 0.596148894723112 0.560290505492149 0.690009548940127 0.325960390812608 0.430675907487693 0.576390586316982 0.281544803342748 0.371062442993595 0.578575576012762 0.428765409112544 0.284858638760223 0.670832758945375 0.505436021840437 0.534976882968977 0.469070116560142 0.559896466837673 0.94857461022291 0.929275591749969 0.249741876797709 1 0.23917051391071 0.709218456605535 0.548861824408933 0.21693626682569 0.658026551426081 0.359462978887932 0.455192842938285
"motif7_50" 0.254730969070086 0.547646197204845 0.447347371635283 0.506682955144811 0.999223236439197 0.577857745260082 0.338830140371604 0.350772890902875 0.307819954906054 0.310799661788469 0.483506788623581 0.399206561087485 0.70336582263888 0.405748166913174 0.539740933010038 0.489127220134847 0.354796783806564 0.514561688559826 0.551511688701655 0.256057472389795 0.394672790511173 0.255705881799748 0.304322389452593 0.999046035527917 0.23917051391071 1 0.265108216031217 0.488303437285101 0.539642826120442 0.354456874126657 0.834560700943186 0.205211009551371
"motif7_100" 0.466036003593064 0.376225332200921 0.450249012425986 0.374314358084282 0.260401758486006 0.224622858293158 0.416342795549605 0.255806900845916 0.877833006100209 0.846334396320887 0.286575715556693 0.22406490836792 0.280770184158879 0.242367387807046 0.38923061475402 0.275085307042257 0.510790264732126 0.384838849458354 0.367729873614972 0.458731861825305 0.254474490003548 0.53300766371864 0.381211392228899 0.260791444785333 0.709218456605535 0.265108216031217 1 0.281678893802849 0.436903775773448 0.584456345990034 0.284902563689422 0.540625109740562
"motif7_200" 0.339572581193128 0.482232685424442 0.471948197386264 0.302624894689353 0.487133582211723 0.473418350111629 0.247682599901381 0.592207422169151 0.326059674234181 0.325199036240734 0.460645000110067 0.648039862854681 0.498640478343444 0.627651939126679 0.520011036492266 0.491675179675483 0.340436955853391 0.413480272090813 0.489096738726617 0.34282751042594 0.508520436300568 0.574656327563487 0.514774710708509 0.485545794195284 0.548861824408933 0.488303437285101 0.281678893802849 1 0.184453763599143 0.343766484714492 0.593089026053747 0.149710670302803
"motif8_raw" 0.376649777774938 0.4454837995828 0.358302756146756 0.624417430697993 0.544967674155431 0.286205137641349 0.351428805014295 0.193515854855605 0.500042779876092 0.271863083187811 0.362884472341778 0.161823724179891 0.536712775707377 0.153698991582851 0.178857977196774 0.342119216138895 0.564403847182534 0.433172703700142 0.388796271040739 0.375914332446168 0.250442547467892 0.253545822584023 0.415096084811074 0.535780644347027 0.21693626682569 0.539642826120442 0.436903775773448 0.184453763599143 1 0.391512964839655 0.404610573320333 0.443314754361292
"motif8_50" 0.876431582497091 0.300330099161067 0.225962590832999 0.415059897761205 0.355396367341371 0.63460532974134 0.961211191076354 0.406616864331113 0.594881484357008 0.403841710497321 0.557118631186084 0.441559910791162 0.467477189797584 0.590495894082585 0.330457818775988 0.516678478966369 0.701721422942975 0.322604129292183 0.309649689757971 0.876769021556936 0.607457195371297 0.521583850207664 0.551151973434794 0.355510987755689 0.658026551426081 0.354456874126657 0.584456345990034 0.343766484714492 0.391512964839655 1 0.386993178161913 0.164287084882251
"motif8_100" 0.267690493629359 0.437874533415208 0.331748444732693 0.275367566742375 0.830845765825142 0.727326865893864 0.395200383281291 0.407834150495977 0.259602502757962 0.244342877010107 0.513983876488192 0.520156699448302 0.808633774085591 0.57904971375083 0.593599413151266 0.358749194560486 0.37539625982139 0.555546770920573 0.631171571102667 0.269429100388079 0.507069030769721 0.378460594605222 0.451430727230687 0.839945810788519 0.359462978887932 0.834560700943186 0.284902563689422 0.593089026053747 0.404610573320333 0.386993178161913 1 0.263604577812186
"motif8_200" 0.152904475826616 0.444514343737215 0.276851239974543 0.585267968589758 0.192612132505176 0.270558491185789 0.245173860943904 0.236906112592913 0.619789567421727 0.784950807828944 0.24907589167183 0.280266393971717 0.301748780699712 0.391154646778558 0.534790688830576 0.320784094680303 0.414922134307868 0.414608931552675 0.355313879571052 0.151620263596164 0.367393659524375 0.500156692705693 0.373508075369845 0.202350882767946 0.455192842938285 0.205211009551371 0.540625109740562 0.149710670302803 0.443314754361292 0.164287084882251 0.263604577812186 1
