"motif1_raw" "motif1_50" "motif1_100" "motif1_200" "motif2_raw" "motif2_50" "motif2_100" "motif2_200" "motif3_raw" "motif3_50" "motif3_100" "motif3_200" "motif4_raw" "motif4_50" "motif4_100" "motif4_200" "motif5_raw" "motif5_50" "motif5_100" "motif5_200"
"motif1_raw" 1 0.374209935061012 0.16200689129573 0.723930569938655 0.333333333333333 0.27510473816869 0.372083025307344 0.460985561980737 0.23284112235605 0.193908528845511 0.317562488838887 0.334094106514706 0.309951634043386 0.457564507840098 0.648832405486167 0.196465952258396 0.490181245109057 0.256843700264908 0.172137546149082 0.783531271097929
"motif1_50" 0.374209935061012 1 0.146778246516442 0.442468849535368 0.508613476969556 0.268478079298161 0.253407064912486 0.275048619819741 0.296674082302646 0.262599483749687 0.693606120246296 0.327473649347077 0.267574201628006 0.224378734259179 0.334644697525975 0.255920204160665 0.269682319006087 0.227481619178909 0.254857057155566 0.24993688473452
"motif1_100" 0.16200689129573 0.146778246516442 1 -0.106032353333227 0.0974536382638654 0.269213193700596 0.452956603032973 0.351450004624733 0.446256764006345 0.328741038447179 0.122885821902847 0.000897284934879464 0.0665508730782637 -0.155173964998666 0.128448728810654 0.324309196610266 -0.276478961119105 0.364729792037427 0.500410432579151 0.0520640991309848
"motif1_200" 0.723930569938655 0.442468849535368 -0.106032353333227 1 0.282820829018404 0.155974417300672 0.190404726489891 0.109543220195138 0.257221961565032 0.347229255121193 0.349632976103857 0.44913071765351 0.415078015324501 0.555494802437029 0.402340442319455 0.359237154556468 0.612500773535725 0.629115105894958 0.308585195404783 0.733974473951276
"motif2_raw" 0.333333333333333 0.508613476969556 0.0974536382638654 0.282820829018404 1 0.314656225981702 0.35318509171905 0.349249724290986 0.14727975037477 0.15683608761332 0.536875351421037 0.333470960627092 0.315427969659325 0.478426818083429 0.303315301113376 0.15826064063242 0.429350878392438 0.100813772757301 0.282343642903648 0.3352890687895
"motif2_50" 0.27510473816869 0.268478079298161 0.269213193700596 0.155974417300672 0.314656225981702 1 0.46988486914493 0.467902641021855 0.353711065332042 0.19950541338121 0.681543936107756 0.240679613024719 0.267103415943317 0.171624699555377 0.774948452218313 0.215737095457513 0.116358474493042 0.519728227235297 0.318740918662099 0.349700975769084
"motif2_100" 0.372083025307344 0.253407064912486 0.452956603032973 0.190404726489891 0.35318509171905 0.46988486914493 1 0.298307602380385 0.225574945166295 0.161744850218231 0.499617065523255 0.285960113486991 0.289462424832608 0.289911940542623 0.535937075750326 0.163489726073594 0.221706419164576 0.551590560298749 0.185507618360134 0.321311866313213
"motif2_200" 0.460985561980737 0.275048619819741 0.351450004624733 0.109543220195138 0.349249724290986 0.467902641021855 0.298307602380385 1 0.599106370120836 0.646839721409643 0.373563996733445 0.349325259687589 0.087366895067367 0.0907502358857875 0.505833521884433 0.652958641573099 0.225662176150454 0.577538945116722 0.546396010741992 0.384180557366023
"motif3_raw" 0.23284112235605 0.296674082302646 0.446256764006345 0.257221961565032 0.14727975037477 0.353711065332042 0.225574945166295 0.599106370120836 1 0.94274074968405 0.27892848165559 0.640933347917477 0.0673270010836344 0.185017154923462 0.334235002843013 0.938533754385476 0.18380811820624 0.350756289632201 0.949567810062463 0.144991868328778
"motif3_50" 0.193908528845511 0.262599483749687 0.328741038447179 0.347229255121193 0.15683608761332 0.19950541338121 0.161744850218231 0.646839721409643 0.94274074968405 1 0.255169108295556 0.532233702589055 0.107395903043797 0.226146737054217 0.281360920727688 0.999026337690189 0.245099711335331 0.318262493623625 0.955806072553581 0.101229165893655
"motif3_100" 0.317562488838887 0.693606120246296 0.122885821902847 0.349632976103857 0.536875351421037 0.681543936107756 0.499617065523255 0.373563996733445 0.27892848165559 0.255169108295556 1 0.200295314435339 0.511352991737996 0.291500186474391 0.743459904407607 0.25279069217962 0.346985156767716 0.52758759257873 0.265241626316601 0.562421896985129
"motif3_200" 0.334094106514706 0.327473649347077 0.000897284934879464 0.44913071765351 0.333470960627092 0.240679613024719 0.285960113486991 0.349325259687589 0.640933347917477 0.532233702589055 0.200295314435339 1 0.181416648351288 0.378109549022492 0.555785942018453 0.526904734770171 0.416829762579753 0.308463880897508 0.625562102506024 0.396283418290081
"motif4_raw" 0.309951634043386 0.267574201628006 0.0665508730782637 0.415078015324501 0.315427969659325 0.267103415943317 0.289462424832608 0.087366895067367 0.0673270010836344 0.107395903043797 0.511352991737996 0.181416648351288 1 0.556218804767862 0.367085861594259 0.100460284838067 0.374177136494267 0.362311678267639 0.116006625882623 0.342835699181537
"motif4_50" 0.457564507840098 0.224378734259179 -0.155173964998666 0.555494802437029 0.478426818083429 0.171624699555377 0.289911940542623 0.0907502358857875 0.185017154923462 0.226146737054217 0.291500186474391 0.378109549022492 0.556218804767862 1 0.256378437918648 0.224899051652707 0.80484016190279 0.417919577544704 0.206587961007087 0.555613991046779
"motif4_100" 0.648832405486167 0.334644697525975 0.128448728810654 0.402340442319455 0.303315301113376 0.774948452218313 0.535937075750326 0.505833521884433 0.334235002843013 0.281360920727688 0.743459904407607 0.555785942018453 0.367085861594259 0.256378437918648 1 0.280339976872038 0.256159379283854 0.423604744689765 0.315864733295485 0.560548045505056
"motif4_200" 0.196465952258396 0.255920204160665 0.324309196610266 0.359237154556468 0.15826064063242 0.215737095457513 0.163489726073594 0.652958641573099 0.938533754385476 0.999026337690189 0.25279069217962 0.526904734770171 0.100460284838067 0.224899051652707 0.280339976872038 1 0.247890574144429 0.317299819745134 0.950805104327405 0.106438207019782
"motif5_raw" 0.490181245109057 0.269682319006087 -0.276478961119105 0.612500773535725 0.429350878392438 0.116358474493042 0.221706419164576 0.225662176150454 0.18380811820624 0.245099711335331 0.346985156767716 0.416829762579753 0.374177136494267 0.80484016190279 0.256159379283854 0.247890574144429 1 0.487055397018084 0.24337730041919 0.53936928664779
"motif5_50" 0.256843700264908 0.227481619178909 0.364729792037427 0.629115105894958 0.100813772757301 0.519728227235297 0.551590560298749 0.577538945116722 0.350756289632201 0.318262493623625 0.52758759257873 0.308463880897508 0.362311678267639 0.417919577544704 0.423604744689765 0.317299819745134 0.487055397018084 1 0.292688055243165 0.320620481845602
"motif5_100" 0.172137546149082 0.254857057155566 0.500410432579151 0.308585195404783 0.282343642903648 0.318740918662099 0.185507618360134 0.546396010741992 0.949567810062463 0.955806072553581 0.265241626316601 0.625562102506024 0.116006625882623 0.206587961007087 0.315864733295485 0.950805104327405 0.24337730041919 0.292688055243165 1 0.0985751863000371
"motif5_200" 0.783531271097929 0.24993688473452 0.0520640991309848 0.733974473951276 0.3352890687895 0.349700975769084 0.321311866313213 0.384180557366023 0.144991868328778 0.101229165893655 0.562421896985129 0.396283418290081 0.342835699181537 0.555613991046779 0.560548045505056 0.106438207019782 0.53936928664779 0.320620481845602 0.0985751863000371 1
