"motif1_raw" "motif1_50" "motif1_100" "motif1_200" "motif2_raw" "motif2_50" "motif2_100" "motif2_200" "motif3_raw" "motif3_50" "motif3_100" "motif3_200" "motif4_raw" "motif4_50" "motif4_100" "motif4_200" "motif5_raw" "motif5_100" "motif5_200" "motif6_raw" "motif6_200"
"motif1_raw" 1 0.192321891771644 0.339156144036143 0.481051268166214 0.407407407407407 0.43941126291128 0.354180368100702 0.391489795302327 0.428571428571429 0.796958099068588 0.487974726267204 0.334317099124327 0.346762908144647 0.550820539271323 0.414337252493874 0.5 0.426220699449333 0.527360524741843 0.333333333333333 0.429394708237143 0.333333333333333
"motif1_50" 0.192321891771644 1 0.382488870412618 0.186924558099459 0.327702402365836 0.339943140698724 0.989651988479053 0.977916363778117 0.33599170267126 0.547561390799005 0.497055292401133 0.331460269486752 0.512133329745017 0.288273258980907 0.22313408368848 0.408770025258215 0.361106812562234 0.259774854088118 0.312389390909874 0.308352695210239 0.312389390909874
"motif1_100" 0.339156144036143 0.382488870412618 1 0.591254844371438 0.289659935931656 0.641928395759669 0.574045944764821 0.541104030670535 0.391394655913348 0.297995105667364 0.637740471429019 0.625016967147849 0.452536545602431 0.495596831454349 0.449829331162654 0.294865684167103 0.4919847471184 0.54908739627537 0.240533454545683 0.578265018800644 0.240533454545683
"motif1_200" 0.481051268166214 0.186924558099459 0.591254844371438 1 0.669382670210032 0.496116645409925 0.245113349121765 0.223552883524648 0.564671795366722 0.418389429195183 0.516676018134063 0.403192388740696 0.632348589596534 0.401842374411938 0.250829905544539 0.29751007441641 0.56459023500755 0.493995139945691 0.486604869609482 0.381179751453481 0.486604869609482
"motif2_raw" 0.407407407407407 0.327702402365836 0.289659935931656 0.669382670210032 1 0.482135059934402 0.447416701419759 0.411250513211249 0.333333333333333 0.601981794756113 0.312976051735691 0.334644396367096 0.480675831801587 0.340107665569051 0.419933637072857 0.666666666666667 0.626028242819942 0.456146285833312 0.6 0.392428911609819 0.6
"motif2_50" 0.43941126291128 0.339943140698724 0.641928395759669 0.496116645409925 0.482135059934402 1 0.31558502729744 0.3081102135159 0.676568556968504 0.851337659296886 0.978370296839162 0.571557631737997 0.320111315547311 0.487953726459184 0.351768607057596 0.512903912054288 0.25883109753484 0.638755460725838 0.512696645768889 0.637940380589607 0.512696645768889
"motif2_100" 0.354180368100702 0.989651988479053 0.574045944764821 0.245113349121765 0.447416701419759 0.31558502729744 1 0.980745389452091 0.2772811455694 0.381235615537118 0.417723985254713 0.264690466522965 0.430753057956871 0.20721313060987 0.338334599812007 0.319878882582908 0.424664860929425 0.214195969952088 0.445932974936037 0.240436503255008 0.445932974936037
"motif2_200" 0.391489795302327 0.977916363778117 0.541104030670535 0.223552883524648 0.411250513211249 0.3081102135159 0.980745389452091 1 0.275079594346957 0.314871633383071 0.375671990271418 0.29026080505716 0.353974687462777 0.218219490617535 0.357381407224473 0.363812671532998 0.39803394399477 0.211962135186599 0.407660881384174 0.268889112985333 0.407660881384174
"motif3_raw" 0.428571428571429 0.33599170267126 0.391394655913348 0.564671795366722 0.333333333333333 0.676568556968504 0.2772811455694 0.275079594346957 1 0.683520097140968 0.347967004177156 0.225666118332027 0.520614198542764 0.367700220269393 0.667321280614081 0.5 0.38115852715967 0.401990348313874 0.333333333333333 0.33277708240661 0.333333333333333
"motif3_50" 0.796958099068588 0.547561390799005 0.297995105667364 0.418389429195183 0.601981794756113 0.851337659296886 0.381235615537118 0.314871633383071 0.683520097140968 1 0.127305565412168 0.497218555870545 0.492870712486535 0.402593051653102 0.533343351835822 0.508218147280198 0.451038903046031 0.300583688424668 0.220405107233034 0.594968265968795 0.220405107233034
"motif3_100" 0.487974726267204 0.497055292401133 0.637740471429019 0.516676018134063 0.312976051735691 0.978370296839162 0.417723985254713 0.375671990271418 0.347967004177156 0.127305565412168 1 0.57943747663313 0.494621578467283 0.501251722069545 0.305186204717789 0.573039665322877 0.387695454691337 0.632093334441336 0.463689659560212 0.636731890664257 0.463689659560212
"motif3_200" 0.334317099124327 0.331460269486752 0.625016967147849 0.403192388740696 0.334644396367096 0.571557631737997 0.264690466522965 0.29026080505716 0.225666118332027 0.497218555870545 0.57943747663313 1 0.233356271751776 0.758635026114736 0.264152010066119 0.268132839137528 0.378034474528801 0.945222392731107 0.443348257660107 0.898861130500332 0.443348257660107
"motif4_raw" 0.346762908144647 0.512133329745017 0.452536545602431 0.632348589596534 0.480675831801587 0.320111315547311 0.430753057956871 0.353974687462777 0.520614198542764 0.492870712486535 0.494621578467283 0.233356271751776 1 0.251121452367709 0.434054812095611 0.361882925078314 0.505440235114176 0.272363433897546 0.532960697873547 0.261152002994316 0.532960697873547
"motif4_50" 0.550820539271323 0.288273258980907 0.495596831454349 0.401842374411938 0.340107665569051 0.487953726459184 0.20721313060987 0.218219490617535 0.367700220269393 0.402593051653102 0.501251722069545 0.758635026114736 0.251121452367709 1 0.282631050538755 0.247066831631933 0.417000024225871 0.956423940925241 0.343659359266616 0.868369114620907 0.343659359266616
"motif4_100" 0.414337252493874 0.22313408368848 0.449829331162654 0.250829905544539 0.419933637072857 0.351768607057596 0.338334599812007 0.357381407224473 0.667321280614081 0.533343351835822 0.305186204717789 0.264152010066119 0.434054812095611 0.282631050538755 1 0.746520301370834 0.363949386847114 0.217908106086211 0.335002746371623 0.229187711996377 0.335002746371623
"motif4_200" 0.5 0.408770025258215 0.294865684167103 0.29751007441641 0.666666666666667 0.512903912054288 0.319878882582908 0.363812671532998 0.5 0.508218147280198 0.573039665322877 0.268132839137528 0.361882925078314 0.247066831631933 0.746520301370834 1 0.424719347120422 0.17731096442606 0.428571428571429 0.272362382878144 0.428571428571429
"motif5_raw" 0.426220699449333 0.361106812562234 0.4919847471184 0.56459023500755 0.626028242819942 0.25883109753484 0.424664860929425 0.39803394399477 0.38115852715967 0.451038903046031 0.387695454691337 0.378034474528801 0.505440235114176 0.417000024225871 0.363949386847114 0.424719347120422 1 0.398330223187145 0.549464857655154 0.382039141759388 0.549464857655154
"motif5_100" 0.527360524741843 0.259774854088118 0.54908739627537 0.493995139945691 0.456146285833312 0.638755460725838 0.214195969952088 0.211962135186599 0.401990348313874 0.300583688424668 0.632093334441336 0.945222392731107 0.272363433897546 0.956423940925241 0.217908106086211 0.17731096442606 0.398330223187145 1 0.565655105112466 0.989380436894702 0.565655105112466
"motif5_200" 0.333333333333333 0.312389390909874 0.240533454545683 0.486604869609482 0.6 0.512696645768889 0.445932974936037 0.407660881384174 0.333333333333333 0.220405107233034 0.463689659560212 0.443348257660107 0.532960697873547 0.343659359266616 0.335002746371623 0.428571428571429 0.549464857655154 0.565655105112466 1 0.440955159063958 1
"motif6_raw" 0.429394708237143 0.308352695210239 0.578265018800644 0.381179751453481 0.392428911609819 0.637940380589607 0.240436503255008 0.268889112985333 0.33277708240661 0.594968265968795 0.636731890664257 0.898861130500332 0.261152002994316 0.868369114620907 0.229187711996377 0.272362382878144 0.382039141759388 0.989380436894702 0.440955159063958 1 0.440955159063958
"motif6_200" 0.333333333333333 0.312389390909874 0.240533454545683 0.486604869609482 0.6 0.512696645768889 0.445932974936037 0.407660881384174 0.333333333333333 0.220405107233034 0.463689659560212 0.443348257660107 0.532960697873547 0.343659359266616 0.335002746371623 0.428571428571429 0.549464857655154 0.565655105112466 1 0.440955159063958 1
