"motif1_raw" "motif1_50" "motif1_100" "motif1_200" "motif2_raw" "motif2_50" "motif2_100" "motif2_200" "motif3_raw" "motif3_50" "motif3_100" "motif3_200"
"motif1_raw" 1 0.994251889691456 0.835124802794261 0.822495418171863 0.333312996252867 0.423699539689104 0.337398514451283 0.267032202269969 0.271875478862916 0.843754979942732 0.999988089549596 0.999748056940079
"motif1_50" 0.994251889691456 1 0.865003292610784 0.847540852402067 0.322996158455876 0.407838614485014 0.346916100437222 0.256715670891796 0.326431859497674 0.86727564815743 0.994908723632986 0.994750527747302
"motif1_100" 0.835124802794261 0.865003292610784 1 0.982992487658895 0.989227016339925 0.47732233097195 0.146615115257966 0.0956927284732413 0.232121810652227 0.988949828701806 0.80844948712475 0.816160263954327
"motif1_200" 0.822495418171863 0.847540852402067 0.982992487658895 1 0.79926657169266 0.316588894060837 0.526331057750943 0.11932961666641 0.19469785521502 0.994169746668902 0.800871768909836 0.807019061909837
"motif2_raw" 0.333312996252867 0.322996158455876 0.989227016339925 0.79926657169266 1 0.563867235958688 0.48565440705071 0.333333624486997 0.147293905759917 0.808112779142984 0.329862343305242 0.33065569316641
"motif2_50" 0.423699539689104 0.407838614485014 0.47732233097195 0.316588894060837 0.563867235958688 1 0.229094337660115 0.332160231327532 0.281488952763419 0.336588320222233 0.424901424322347 0.424699480558692
"motif2_100" 0.337398514451283 0.346916100437222 0.146615115257966 0.526331057750943 0.48565440705071 0.229094337660115 1 0.641005865422883 0.560694130342978 0.502081966503535 0.325477332673042 0.329064756933864
"motif2_200" 0.267032202269969 0.256715670891796 0.0956927284732413 0.11932961666641 0.333333624486997 0.332160231327532 0.641005865422883 1 0.251966286911674 0.107649705197599 0.270892818376026 0.270146755072557
"motif3_raw" 0.271875478862916 0.326431859497674 0.232121810652227 0.19469785521502 0.147293905759917 0.281488952763419 0.560694130342978 0.251966286911674 1 0.191856088841863 0.24960568884297 0.255970771858748
"motif3_50" 0.843754979942732 0.86727564815743 0.988949828701806 0.994169746668902 0.808112779142984 0.336588320222233 0.502081966503535 0.107649705197599 0.191856088841863 1 0.821140345191207 0.827648740668069
"motif3_100" 0.999988089549596 0.994908723632986 0.80844948712475 0.800871768909836 0.329862343305242 0.424901424322347 0.325477332673042 0.270892818376026 0.24960568884297 0.821140345191207 1 0.999897278786217
"motif3_200" 0.999748056940079 0.994750527747302 0.816160263954327 0.807019061909837 0.33065569316641 0.424699480558692 0.329064756933864 0.270146755072557 0.255970771858748 0.827648740668069 0.999897278786217 1
