"motif1_raw" "motif1_50" "motif1_100" "motif1_200" "motif2_raw" "motif2_50" "motif2_100" "motif2_200" "motif3_raw" "motif3_50" "motif3_100" "motif3_200" "motif4_raw" "motif4_50" "motif4_100" "motif4_200" "motif5_raw" "motif5_50" "motif5_100" "motif5_200" "motif6_raw" "motif6_50" "motif6_100" "motif6_200" "motif7_raw" "motif7_50" "motif7_100" "motif7_200" "motif8_raw" "motif8_50" "motif8_100" "motif8_200"
"motif1_raw" 1 0.511264531998623 0.309364700448519 0.111790285899113 0.204019512092656 0.480513763553095 0.58190592752907 0.446197239205782 0.252772169319729 0.395167771794 0.125379350415059 0.399079709028985 -0.0635174190548799 0.241311561036333 0.391253679376399 0.501309284884394 1 0.172827029958247 0.126876704165613 0.246642505624738 0.656108703334354 0.395921029135945 0.431191869224921 0.348595284254454 0.565745345744704 0.228018417912132 0.196849738287023 0.240016351500107 0.0300125948857085 0.176921499194432 0.308993046912192 0.414749957470402
"motif1_50" 0.511264531998623 1 0.413562558387484 0.281054636290445 0.365796059969543 0.355808512156678 0.41141895387645 0.362046193474048 0.279711481952795 0.315997892755632 0.0705328563346804 0.281896458638231 0.276160339079624 0.238305053693935 0.318140510136594 0.18033387493936 0.511264531998623 0.22337428182245 0.181607444721375 0.23893694468354 0.698352994285591 0.3493793107005 0.281888528803148 0.20450733923008 0.516253372015482 0.445060810005397 0.234463066650533 0.102653382832656 0.287370853788125 0.186806104836638 0.426320811267604 0.469733341958857
"motif1_100" 0.309364700448519 0.413562558387484 1 -0.0408158138271827 0.430919782897417 0.436148110417637 0.538221331580827 0.375568770644334 0.328864126741096 0.277414658525965 0.63986732771259 0.310080827883669 -0.173478937804326 0.853345678307239 0.285383231971741 0.126084392598154 0.309364700448519 0.175353419305501 0.065923140664593 0.312927985160019 0.484404612364594 0.213806699522313 0.256462469521459 0.156534515855156 0.421001511617075 0.429793671608954 0.426234743981053 0.312405356409157 0.312188113599399 0.292094333110331 0.362366990144737 0.191228842200795
"motif1_200" 0.111790285899113 0.281054636290445 -0.0408158138271827 1 0.101855183505402 0.577112199966037 0.618003028435078 0.200627708317518 0.222230161099196 0.118551830100202 0.0784991455670577 0.570845176787708 0.666775058098893 0.08000599395683 0.109013465543641 0.537309248512556 0.111790285899113 0.475227277459466 0.440908654251109 0.171515115564566 0.538730004649218 0.307108290298628 0.395355345009781 0.425177802049222 -0.0970139505041815 0.205761686216878 0.20847312998147 0.186689267990711 0.395269159183929 0.300132194333564 0.330500945325202 0.449079944667698
"motif2_raw" 0.204019512092656 0.365796059969543 0.430919782897417 0.101855183505402 1 0.278248934973818 0.187492012225297 0.314233839018561 0.421940979046521 0.393362511781687 0.615072019253251 0.31753092804502 0.214542783449999 0.582102069922056 0.384386596222265 0.508285892558606 0.204019512092656 0.335255723410582 0.289741041936576 0.953344185218488 0.230462521992086 0.221958125010978 0.172613372910575 0.24701412060991 0.273493863490149 0.373885295586968 0.516572721358668 0.221189714583306 0.396787199148265 0.469337474628414 0.970159934876671 0.189973871658818
"motif2_50" 0.480513763553095 0.355808512156678 0.436148110417637 0.577112199966037 0.278248934973818 1 0.913179518026179 0.492990883505149 0.426655596902884 0.332583669848335 0.153380696307224 0.573756648079357 0.134076319700304 0.316038155125757 0.340690250727027 0.400209857661691 0.480513763553095 0.0901689928086306 0.0811746962932868 0.16142019451679 0.688486049674785 0.319502541787402 0.479096586330835 -0.0297245432265839 0.604177105211987 0.462958818142605 0.520271180533248 0.329659564571455 0.0247393759593013 0.267843189592757 0.296787238346467 0.464390137337394
"motif2_100" 0.58190592752907 0.41141895387645 0.538221331580827 0.618003028435078 0.187492012225297 0.913179518026179 1 0.67275719287152 0.339917142379101 0.191843114020079 0.12082675614776 0.640059873041698 0.418044358701187 0.277199241107338 0.189134405320715 0.500759605979019 0.58190592752907 0.222407681331735 0.188797544128965 0.0749374539504971 0.687745041976068 0.148473696846134 0.381542328739024 0.00858688012727017 0.648520170935379 0.355772376373659 0.447789242827364 0.29946388717938 0.158503015832285 0.223180300759421 0.108011593593955 0.359322409275388
"motif2_200" 0.446197239205782 0.362046193474048 0.375568770644334 0.200627708317518 0.314233839018561 0.492990883505149 0.67275719287152 1 0.460055172837147 0.183595901799932 0.123846255194848 0.4339216615535 -0.119253057309069 0.186394932095111 0.19271301336263 0.145434046889859 0.446197239205782 0.181534246692501 0.157957799513604 0.0511351098577953 0.535264231019948 -0.0173014767535488 0.126931863043751 0.0306087122910719 0.281861705413104 0.536419507147759 0.492654717989776 0.45113128050415 0.0310501941797775 0.318801789554342 0.202540796732451 0.0774252935500273
"motif3_raw" 0.252772169319729 0.279711481952795 0.328864126741096 0.222230161099196 0.421940979046521 0.426655596902884 0.339917142379101 0.460055172837147 1 0.283720063795907 0.386297684593947 0.356404812511673 0.235698298866889 0.508759947499962 0.294655569410682 0.272149722762381 0.252772169319729 0.280848184700772 0.287090663656308 0.394547862563791 0.441436115604213 0.491237315629443 0.280677018104865 0.459667921198129 0.428502177017109 0.866325266960344 0.969467316995825 0.294921742729706 0.196167684123004 0.544187621467342 0.648712707736589 0.409261480600861
"motif3_50" 0.395167771794 0.315997892755632 0.277414658525965 0.118551830100202 0.393362511781687 0.332583669848335 0.191843114020079 0.183595901799932 0.283720063795907 1 0.351165399566064 0.405198124317613 -0.036316421137354 0.397449517540246 0.999171242018154 0.335452453250234 0.395167771794 0.244428351387879 0.198308253594792 0.306530717108147 0.321543842874392 0.44625165154938 0.418719866533051 0.243908850323891 0.733258577700343 0.330316574263561 0.1557693616639 0.763382055696641 0.153431996719301 0.22481780405754 0.227498773203722 0.439631326494615
"motif3_100" 0.125379350415059 0.0705328563346804 0.63986732771259 0.0784991455670577 0.615072019253251 0.153380696307224 0.12082675614776 0.123846255194848 0.386297684593947 0.351165399566064 1 0.190462680646307 0.0304756258624253 0.780332399613456 0.343648954620029 0.145750386384653 0.125379350415059 0.383129429169013 0.302442470769078 0.280206128154904 0.191224297457713 0.288282862729888 0.309436952557871 0.398467311753187 0.375321076144456 0.400051653617471 0.449326045142497 0.382557155917651 0.341117239490418 0.493813804577694 0.582849592227898 0.226457316212064
"motif3_200" 0.399079709028985 0.281896458638231 0.310080827883669 0.570845176787708 0.31753092804502 0.573756648079357 0.640059873041698 0.4339216615535 0.356404812511673 0.405198124317613 0.190462680646307 1 0.151151810511325 0.142233729876103 0.397801897005412 0.684595089180175 0.399079709028985 0.294250349923096 0.278032165106409 0.158021014221557 0.543837502323923 0.472085096991649 0.496677128376241 0.255383270664579 0.315072123290581 0.39097910498459 0.422235312846891 0.368504435055014 0.17872407764564 0.249055699735069 0.0870129327410397 0.442997310399577
"motif4_raw" -0.0635174190548799 0.276160339079624 -0.173478937804326 0.666775058098893 0.214542783449999 0.134076319700304 0.418044358701187 -0.119253057309069 0.235698298866889 -0.036316421137354 0.0304756258624253 0.151151810511325 1 -0.0146966346860863 -0.0396385773723005 0.226846056854966 -0.0635174190548799 0.723678721358527 0.623728140057753 0.289274478186875 0.232987654843864 0.631591748241405 0.74454180417445 0.712214195141835 -0.388810283374451 0.131402179039576 0.141394066328719 -0.0736543135139817 0.575886562821001 0.253235299581737 0.397377083378121 0.860841267954843
"motif4_50" 0.241311561036333 0.238305053693935 0.853345678307239 0.08000599395683 0.582102069922056 0.316038155125757 0.277199241107338 0.186394932095111 0.508759947499962 0.397449517540246 0.780332399613456 0.142233729876103 -0.0146966346860863 1 0.393974760440921 0.254962898283828 0.241311561036333 0.25026929969284 0.175375548883246 0.472409254885993 0.435002092913223 0.21078255075488 0.243418324422001 0.202921730169845 0.362917918552148 0.521959666933979 0.612955892138881 0.363633827991532 0.416985726806799 0.53140748766973 0.523937984308467 0.191562507892115
"motif4_100" 0.391253679376399 0.318140510136594 0.285383231971741 0.109013465543641 0.384386596222265 0.340690250727027 0.189134405320715 0.19271301336263 0.294655569410682 0.999171242018154 0.343648954620029 0.397801897005412 -0.0396385773723005 0.393974760440921 1 0.32599435526617 0.391253679376399 0.237985374543942 0.19244519070549 0.308351214893322 0.319730653018709 0.443203879311143 0.417446165813805 0.234822653527628 0.734762484366816 0.324366982332994 0.153667416626082 0.757789403628581 0.155781736056536 0.218625643599597 0.227202083333999 0.437368425044933
"motif4_200" 0.501309284884394 0.18033387493936 0.126084392598154 0.537309248512556 0.508285892558606 0.400209857661691 0.500759605979019 0.145434046889859 0.272149722762381 0.335452453250234 0.145750386384653 0.684595089180175 0.226846056854966 0.254962898283828 0.32599435526617 1 0.501309284884394 0.474790883196054 0.438366146529552 0.534630268588961 0.296045948394778 0.397567747269946 0.334374938490111 0.353664983940859 0.331174654822812 0.389807344785203 0.359803004007598 0.189501724048285 0.38090882436257 0.162005346569451 0.536288575525449 0.31048207655315
"motif5_raw" 1 0.511264531998623 0.309364700448519 0.111790285899113 0.204019512092656 0.480513763553095 0.58190592752907 0.446197239205782 0.252772169319729 0.395167771794 0.125379350415059 0.399079709028985 -0.0635174190548799 0.241311561036333 0.391253679376399 0.501309284884394 1 0.172827029958247 0.126876704165613 0.246642505624738 0.656108703334354 0.395921029135945 0.431191869224921 0.348595284254454 0.565745345744704 0.228018417912132 0.196849738287023 0.240016351500107 0.0300125948857085 0.176921499194432 0.308993046912192 0.414749957470402
"motif5_50" 0.172827029958247 0.22337428182245 0.175353419305501 0.475227277459466 0.335255723410582 0.0901689928086306 0.222407681331735 0.181534246692501 0.280848184700772 0.244428351387879 0.383129429169013 0.294250349923096 0.723678721358527 0.25026929969284 0.237985374543942 0.474790883196054 0.172827029958247 1 0.954598411620565 0.445154100761935 0.264841451382339 0.534375413238867 0.491815510827179 0.474561844990397 -0.118705078721546 0.218070843370187 0.395668636855401 0.129777055948814 0.511554409242773 0.236710254904175 0.488801221543581 0.506511438083397
"motif5_100" 0.126876704165613 0.181607444721375 0.065923140664593 0.440908654251109 0.289741041936576 0.0811746962932868 0.188797544128965 0.157957799513604 0.287090663656308 0.198308253594792 0.302442470769078 0.278032165106409 0.623728140057753 0.175375548883246 0.19244519070549 0.438366146529552 0.126876704165613 0.954598411620565 1 0.441198968462258 0.221102008006771 0.554672210830281 0.524198901152612 0.466159443799596 -0.103919707408589 0.272843529975555 0.407793268449998 0.136789238182651 0.490273885093793 0.291136326511446 0.474054798279261 0.517087602783161
"motif5_200" 0.246642505624738 0.23893694468354 0.312927985160019 0.171515115564566 0.953344185218488 0.16142019451679 0.0749374539504971 0.0511351098577953 0.394547862563791 0.306530717108147 0.280206128154904 0.158021014221557 0.289274478186875 0.472409254885993 0.308351214893322 0.534630268588961 0.246642505624738 0.445154100761935 0.441198968462258 1 0.181849137332413 0.285003425454254 0.258445195850781 0.336652007732899 0.108306959897149 0.541950376457545 0.195281799120491 0.209866648202458 0.444544017142127 0.29761566420065 0.970386065099385 0.219675397964184
"motif6_raw" 0.656108703334354 0.698352994285591 0.484404612364594 0.538730004649218 0.230462521992086 0.688486049674785 0.687745041976068 0.535264231019948 0.441436115604213 0.321543842874392 0.191224297457713 0.543837502323923 0.232987654843864 0.435002092913223 0.319730653018709 0.296045948394778 0.656108703334354 0.264841451382339 0.221102008006771 0.181849137332413 1 0.103660719730775 0.403984310450698 0.210778123500465 0.547464086354468 0.310676739321246 0.378081515302252 0.33715893457127 0.0953406613754946 0.28530265767511 0.0911223485948022 0.398390485129547
"motif6_50" 0.395921029135945 0.3493793107005 0.213806699522313 0.307108290298628 0.221958125010978 0.319502541787402 0.148473696846134 -0.0173014767535488 0.491237315629443 0.44625165154938 0.288282862729888 0.472085096991649 0.631591748241405 0.21078255075488 0.443203879311143 0.397567747269946 0.395921029135945 0.534375413238867 0.554672210830281 0.285003425454254 0.103660719730775 1 0.978736007619311 0.674485442526146 0.561622831632508 0.420858940892974 0.161411713480355 0.356232865069853 0.290465082275732 0.0375907018197164 0.337473534938529 0.900279887697779
"motif6_100" 0.431191869224921 0.281888528803148 0.256462469521459 0.395355345009781 0.172613372910575 0.479096586330835 0.381542328739024 0.126931863043751 0.280677018104865 0.418719866533051 0.309436952557871 0.496677128376241 0.74454180417445 0.243418324422001 0.417446165813805 0.334374938490111 0.431191869224921 0.491815510827179 0.524198901152612 0.258445195850781 0.403984310450698 0.978736007619311 1 0.587410990124782 0.642334954571414 0.228950254726622 0.327950635507419 0.355431593107537 0.281761515916389 0.100016749348763 0.309675163868262 0.898639619968989
"motif6_200" 0.348595284254454 0.20450733923008 0.156534515855156 0.425177802049222 0.24701412060991 -0.0297245432265839 0.00858688012727017 0.0306087122910719 0.459667921198129 0.243908850323891 0.398467311753187 0.255383270664579 0.712214195141835 0.202921730169845 0.234822653527628 0.353664983940859 0.348595284254454 0.474561844990397 0.466159443799596 0.336652007732899 0.210778123500465 0.674485442526146 0.587410990124782 1 0.354844428255924 0.395450829847736 0.54933800908269 0.641511845914365 0.57820043223905 0.0905506061571052 0.343054248882165 0.559092363228635
"motif7_raw" 0.565745345744704 0.516253372015482 0.421001511617075 -0.0970139505041815 0.273493863490149 0.604177105211987 0.648520170935379 0.281861705413104 0.428502177017109 0.733258577700343 0.375321076144456 0.315072123290581 -0.388810283374451 0.362917918552148 0.734762484366816 0.331174654822812 0.565745345744704 -0.118705078721546 -0.103919707408589 0.108306959897149 0.547464086354468 0.561622831632508 0.642334954571414 0.354844428255924 1 0.393146960308948 0.199996890103983 0.363467341290898 -0.16357624964118 0.132553180095739 0.215268536833079 0.774767987269549
"motif7_50" 0.228018417912132 0.445060810005397 0.429793671608954 0.205761686216878 0.373885295586968 0.462958818142605 0.355772376373659 0.536419507147759 0.866325266960344 0.330316574263561 0.400051653617471 0.39097910498459 0.131402179039576 0.521959666933979 0.324366982332994 0.389807344785203 0.228018417912132 0.218070843370187 0.272843529975555 0.541950376457545 0.310676739321246 0.420858940892974 0.228950254726622 0.395450829847736 0.393146960308948 1 0.99059081834086 0.143150089640505 0.286722609460468 0.488168050106177 0.576227122837756 0.308863475327311
"motif7_100" 0.196849738287023 0.234463066650533 0.426234743981053 0.20847312998147 0.516572721358668 0.520271180533248 0.447789242827364 0.492654717989776 0.969467316995825 0.1557693616639 0.449326045142497 0.422235312846891 0.141394066328719 0.612955892138881 0.153667416626082 0.359803004007598 0.196849738287023 0.395668636855401 0.407793268449998 0.195281799120491 0.378081515302252 0.161411713480355 0.327950635507419 0.54933800908269 0.199996890103983 0.99059081834086 1 0.305559346901204 0.271335419293619 0.704697816148455 0.350240026984437 0.0854258846791511
"motif7_200" 0.240016351500107 0.102653382832656 0.312405356409157 0.186689267990711 0.221189714583306 0.329659564571455 0.29946388717938 0.45113128050415 0.294921742729706 0.763382055696641 0.382557155917651 0.368504435055014 -0.0736543135139817 0.363633827991532 0.757789403628581 0.189501724048285 0.240016351500107 0.129777055948814 0.136789238182651 0.209866648202458 0.33715893457127 0.356232865069853 0.355431593107537 0.641511845914365 0.363467341290898 0.143150089640505 0.305559346901204 1 0.386076916822147 0.140515027364967 0.227979587560809 0.315785372623282
"motif8_raw" 0.0300125948857085 0.287370853788125 0.312188113599399 0.395269159183929 0.396787199148265 0.0247393759593013 0.158503015832285 0.0310501941797775 0.196167684123004 0.153431996719301 0.341117239490418 0.17872407764564 0.575886562821001 0.416985726806799 0.155781736056536 0.38090882436257 0.0300125948857085 0.511554409242773 0.490273885093793 0.444544017142127 0.0953406613754946 0.290465082275732 0.281761515916389 0.57820043223905 -0.16357624964118 0.286722609460468 0.271335419293619 0.386076916822147 1 0.15895559688839 0.368432118638987 0.378288289952357
"motif8_50" 0.176921499194432 0.186806104836638 0.292094333110331 0.300132194333564 0.469337474628414 0.267843189592757 0.223180300759421 0.318801789554342 0.544187621467342 0.22481780405754 0.493813804577694 0.249055699735069 0.253235299581737 0.53140748766973 0.218625643599597 0.162005346569451 0.176921499194432 0.236710254904175 0.291136326511446 0.29761566420065 0.28530265767511 0.0375907018197164 0.100016749348763 0.0905506061571052 0.132553180095739 0.488168050106177 0.704697816148455 0.140515027364967 0.15895559688839 1 0.439431800232402 0.0949607382654911
"motif8_100" 0.308993046912192 0.426320811267604 0.362366990144737 0.330500945325202 0.970159934876671 0.296787238346467 0.108011593593955 0.202540796732451 0.648712707736589 0.227498773203722 0.582849592227898 0.0870129327410397 0.397377083378121 0.523937984308467 0.227202083333999 0.536288575525449 0.308993046912192 0.488801221543581 0.474054798279261 0.970386065099385 0.0911223485948022 0.337473534938529 0.309675163868262 0.343054248882165 0.215268536833079 0.576227122837756 0.350240026984437 0.227979587560809 0.368432118638987 0.439431800232402 1 0.288592607043057
"motif8_200" 0.414749957470402 0.469733341958857 0.191228842200795 0.449079944667698 0.189973871658818 0.464390137337394 0.359322409275388 0.0774252935500273 0.409261480600861 0.439631326494615 0.226457316212064 0.442997310399577 0.860841267954843 0.191562507892115 0.437368425044933 0.31048207655315 0.414749957470402 0.506511438083397 0.517087602783161 0.219675397964184 0.398390485129547 0.900279887697779 0.898639619968989 0.559092363228635 0.774767987269549 0.308863475327311 0.0854258846791511 0.315785372623282 0.378288289952357 0.0949607382654911 0.288592607043057 1
