# universalmotif version 1.4.9

---
name: motif_merged
alphabet: DNA
type: PPM
icscore: 14.4
nsites: 519.0
pseudocount: 0.3333333
bkg:
  A: 0.2740777
  C: 0.2257795
  G: 0.2258661
  T: 0.2742767
  AA: 0.0865103
  AC: 0.0500859
  AG: 0.0716263
  AT: 0.065725
  CA: 0.0720356
  CC: 0.0630787
  CG: 0.0190438
  CT: 0.0717093
  GA: 0.060255
  GC: 0.05251
  GG: 0.0631446
  GT: 0.0500351
  TA: 0.0551315
  TC: 0.0602242
  TG: 0.0721309
  TT: 0.0867538
consensus: WRACCWSWGGTTW
strand: +-
pval: 7.749029e-12
qval: 7.749029e-12
eval: 1.5498058e-11
extrainfo:
- 'target:108/68/13533 bkg:30/21/13533 score: 22.5928685122497'
motif:
- 6.455e-01 8.671e-02 0.000e+00 2.678e-01
- 7.399e-01 0.000e+00 2.524e-01 7.707e-03
- 8.998e-01 7.707e-03 9.249e-02 0.000e+00
- 1.734e-02 8.170e-01 1.040e-01 6.166e-02
- 5.780e-03 8.709e-01 7.707e-03 1.156e-01
- 4.586e-01 0.000e+00 2.890e-02 5.125e-01
- 0.000e+00 5.029e-01 4.971e-01 0.000e+00
- 4.855e-01 1.734e-02 0.000e+00 4.971e-01
- 1.079e-01 1.156e-02 8.728e-01 7.707e-03
- 8.092e-02 1.349e-01 7.534e-01 3.083e-02
- 0.000e+00 0.000e+00 0.000e+00 1.000e+00
- 0.000e+00 2.274e-01 2.119e-02 7.514e-01
- 2.697e-01 1.927e-02 1.156e-01 5.954e-01

