"motif1_raw" "motif1_50" "motif1_100" "motif1_200" "motif2_raw" "motif2_50" "motif2_100" "motif2_200" "motif3_raw" "motif3_50" "motif3_100" "motif3_200"
"motif1_raw" 1 0.998307903670614 1 0.43790051635351 0.432911555974799 0.32462782110563 0.110980356057797 0.883388723117112 0.266393408750635 0.362469692198096 0.555424800502241 0.282147228676922
"motif1_50" 0.998307903670614 1 0.998476017310589 0.460279049550818 0.454426018115497 0.316682777901722 0.131574652957388 0.881306425647881 0.276261002111211 0.354994560276274 0.550783452415495 0.26645877451404
"motif1_100" 1 0.998476017310589 1 0.441110607897659 0.436121647518948 0.32516833939426 0.110508932944487 0.884436474317284 0.267567166983751 0.362616791633075 0.554953377388931 0.281185394013287
"motif1_200" 0.43790051635351 0.460279049550818 0.441110607897659 1 0.99908186795451 0.199366708650919 0.237494493652527 0.405761997545781 0.297873026625437 0.332652991953498 0.265005967582078 0.38907034915442
"motif2_raw" 0.432911555974799 0.454426018115497 0.436121647518948 0.99908186795451 1 0.202691147388234 0.230521149077144 0.40142539728602 0.296740099356375 0.333363804852184 0.256179382450808 0.387153696175644
"motif2_50" 0.32462782110563 0.316682777901722 0.32516833939426 0.199366708650919 0.202691147388234 1 0.22521896269641 0.32713027809336 -0.0555118207244341 0.177471993720903 0.687174033718553 0.234088666404584
"motif2_100" 0.110980356057797 0.131574652957388 0.110508932944487 0.237494493652527 0.230521149077144 0.22521896269641 1 0.138983595434046 1.01770443923973e-16 0.174524373528983 0.151515151515152 0.352697767271878
"motif2_200" 0.883388723117112 0.881306425647881 0.884436474317284 0.405761997545781 0.40142539728602 0.32713027809336 0.138983595434046 1 0.195234336204726 0.469404247941973 0.58342803987849 0.368432120565505
"motif3_raw" 0.266393408750635 0.276261002111211 0.267567166983751 0.297873026625437 0.296740099356375 -0.0555118207244341 1.01770443923973e-16 0.195234336204726 1 0.623219791246683 -0.040669489309382 0.241568558027177
"motif3_50" 0.362469692198096 0.354994560276274 0.362616791633075 0.332652991953498 0.333363804852184 0.177471993720903 0.174524373528983 0.469404247941973 0.623219791246683 1 0.552916186465631 0.387541025946341
"motif3_100" 0.555424800502241 0.550783452415495 0.554953377388931 0.265005967582078 0.256179382450808 0.687174033718553 0.151515151515152 0.58342803987849 -0.040669489309382 0.552916186465631 1 0.113341967973698
"motif3_200" 0.282147228676922 0.26645877451404 0.281185394013287 0.38907034915442 0.387153696175644 0.234088666404584 0.352697767271878 0.368432120565505 0.241568558027177 0.387541025946341 0.113341967973698 1
